0 1
1 0
2 3
3 2
4 5
5 4
6 7
7 6
8 9
9 8
10 11
11 10
12 13
13 12
14 15
15 14
16 17
17 16
18 19
19 18
20 21
21 20
22 23
23 22
24 25
25 24
26 27
26 30
27 26
27 31
28 29
29 28
30 26
30 31
31 27
31 30
32 33
33 32
34 35
35 34
36 37
37 36
38 39
38 48
39 38
39 49
40 41
40 44
41 40
41 45
42 43
43 42
44 40
44 45
45 41
45 44
46 47
47 46
48 38
48 49
49 39
49 48
50 51
51 50
52 53
52 56
53 52
53 57
54 55
55 54
56 52
56 57
57 53
57 56
58 59
59 58
60 61
60 62
60 69
61 60
61 62
61 70
62 60
62 61
62 71
63 64
64 63
65 66
66 65
67 68
68 67
69 60
69 70
69 71
69 72
70 61
70 69
70 71
70 73
71 62
71 69
71 70
71 74
72 69
72 73
72 74
73 70
73 72
73 74
74 71
74 72
74 73
75 76
76 75
77 78
78 77
79 80
80 79
81 82
82 81
83 84
83 85
84 83
84 85
85 83
85 84
86 87
87 86
88 89
89 88
90 91
91 90
92 93
92 94
93 92
93 94
94 92
94 93
95 96
96 95
97 98
98 97
99 100
99 101
100 99
100 102
101 99
101 102
102 100
102 101
103 104
104 103
105 106
106 105
107 108
107 109
107 110
108 107
108 109
108 111
109 107
109 108
109 112
110 107
110 111
110 112
110 119
111 108
111 110
111 112
111 120
112 109
112 110
112 111
112 121
113 114
114 113
115 116
116 115
117 118
118 117
119 110
119 120
119 121
119 128
120 111
120 119
120 121
120 129
121 112
121 119
121 120
121 130
122 123
123 122
124 125
125 124
126 127
127 126
128 119
128 129
128 130
128 137
129 120
129 128
129 130
129 138
130 121
130 128
130 129
130 139
131 132
132 131
133 134
134 133
135 136
136 135
137 128
137 138
137 139
138 129
138 137
138 139
139 130
139 137
139 138
140 141
140 142
141 140
141 143
142 140
142 143
143 141
143 142
144 145
145 144
146 147
146 148
146 151
147 146
147 148
147 152
148 146
148 147
148 153
149 150
150 149
151 146
151 152
151 153
151 156
152 147
152 151
152 153
152 157
153 148
153 151
153 152
153 158
154 155
155 154
156 151
156 157
156 158
156 159
157 152
157 156
157 158
157 160
158 153
158 156
158 157
158 161
159 156
159 160
159 161
159 168
160 157
160 159
160 161
160 169
161 158
161 159
161 160
161 170
162 163
162 164
162 173
163 162
163 165
163 174
164 162
164 165
164 173
165 163
165 164
165 174
166 167
167 166
168 159
168 169
168 170
168 177
169 160
169 168
169 170
169 178
170 161
170 168
170 169
170 179
171 172
172 171
173 162
173 164
173 174
173 175
174 163
174 165
174 173
174 176
175 173
175 176
176 174
176 175
177 168
177 178
177 179
177 184
178 169
178 177
178 179
178 185
179 170
179 177
179 178
179 186
180 181
181 180
182 183
183 182
184 177
184 185
184 186
184 187
185 178
185 184
185 186
185 188
186 179
186 184
186 185
186 189
187 184
187 188
187 189
188 185
188 187
188 189
189 186
189 187
189 188
190 191
191 190
192 193
193 192
194 195
194 196
195 194
195 197
196 194
196 197
197 195
197 196
198 199
199 198
200 201
201 200
202 203
203 202
204 205
204 206
204 207
205 204
205 206
205 208
206 204
206 205
206 209
207 204
207 208
207 209
207 214
208 205
208 207
208 209
208 215
209 206
209 207
209 208
209 216
210 211
211 210
212 213
213 212
214 207
214 215
214 216
215 208
215 214
215 216
216 209
216 214
216 215
217 218
218 217
219 220
220 219
221 222
222 221
223 224
223 225
223 226
223 229
223 234
224 223
224 225
224 227
224 230
224 235
225 223
225 224
225 228
225 231
225 236
226 223
226 227
226 228
226 229
226 234
227 224
227 226
227 228
227 230
227 235
228 225
228 226
228 227
228 231
228 236
229 223
229 226
229 230
229 231
229 234
230 224
230 227
230 229
230 231
230 235
231 225
231 228
231 229
231 230
231 236
232 233
233 232
234 223
234 226
234 229
234 235
234 236
235 224
235 227
235 230
235 234
235 236
236 225
236 228
236 231
236 234
236 235
237 238
238 237
239 240
240 239
241 242
242 241
243 244
243 245
243 250
243 253
244 243
244 245
244 251
244 254
245 243
245 244
245 252
245 255
246 247
247 246
248 249
249 248
250 243
250 251
250 252
250 253
250 260
251 244
251 250
251 252
251 254
251 261
252 245
252 250
252 251
252 255
252 262
253 243
253 250
253 254
253 255
253 260
254 244
254 251
254 253
254 255
254 261
255 245
255 252
255 253
255 254
255 262
256 257
257 256
258 259
259 258
260 250
260 253
260 261
260 262
261 251
261 254
261 260
261 262
262 252
262 255
262 260
262 261
263 264
264 263
265 266
266 265
267 268
267 269
267 274
267 277
267 280
268 267
268 269
268 275
268 278
268 281
269 267
269 268
269 276
269 279
269 282
270 271
271 270
272 273
273 272
274 267
274 275
274 276
274 277
274 280
275 268
275 274
275 276
275 278
275 281
276 269
276 274
276 275
276 279
276 282
277 267
277 274
277 278
277 279
277 280
277 289
278 268
278 275
278 277
278 279
278 281
278 290
279 269
279 276
279 277
279 278
279 282
279 291
280 267
280 274
280 277
280 281
280 282
280 289
281 268
281 275
281 278
281 280
281 282
281 290
282 269
282 276
282 279
282 280
282 281
282 291
283 284
283 292
284 283
284 293
285 286
286 285
287 288
288 287
289 277
289 280
289 290
289 291
290 278
290 281
290 289
290 291
291 279
291 282
291 289
291 290
292 283
292 293
293 284
293 292
294 295
295 294
296 297
297 296
298 299
298 300
298 301
298 308
299 298
299 300
299 302
299 309
300 298
300 299
300 303
300 310
301 298
301 302
301 303
301 308
302 299
302 301
302 303
302 309
303 300
303 301
303 302
303 310
304 305
305 304
306 307
307 306
308 298
308 301
308 309
308 310
309 299
309 302
309 308
309 310
310 300
310 303
310 308
310 309
